0.00000000e+00	1.67399814e-15
1.00000000e-04	1.88709305e-15
2.00000000e-04	2.12688309e-15
3.00000000e-04	2.39665698e-15
4.00000000e-04	2.70010154e-15
5.00000000e-04	3.04134902e-15
6.00000000e-04	3.42502996e-15
7.00000000e-04	3.85633211e-15
8.00000000e-04	4.34106633e-15
9.00000000e-04	4.88573996e-15
1.00000000e-03	5.49763882e-15
1.10000000e-03	6.18491858e-15
1.20000000e-03	6.95670667e-15
1.30000000e-03	7.82321587e-15
1.40000000e-03	8.79587097e-15
1.50000000e-03	9.88744990e-15
1.60000000e-03	1.11122409e-14
1.70000000e-03	1.24862176e-14
1.80000000e-03	1.40272342e-14
1.90000000e-03	1.57552425e-14
2.00000000e-03	1.76925333e-14
2.10000000e-03	1.98640060e-14
2.20000000e-03	2.22974671e-14
2.30000000e-03	2.50239638e-14
2.40000000e-03	2.80781536e-14
2.50000000e-03	3.14987163e-14
2.60000000e-03	3.53288115e-14
2.70000000e-03	3.96165870e-14
2.80000000e-03	4.44157441e-14
2.90000000e-03	4.97861652e-14
3.00000000e-03	5.57946111e-14
3.10000000e-03	6.25154949e-14
3.20000000e-03	7.00317419e-14
3.30000000e-03	7.84357431e-14
3.40000000e-03	8.78304137e-14
3.50000000e-03	9.83303679e-14
3.60000000e-03	1.10063221e-13
3.70000000e-03	1.23171033e-13
3.80000000e-03	1.37811912e-13
3.90000000e-03	1.54161787e-13
4.00000000e-03	1.72416376e-13
4.10000000e-03	1.92793366e-13
4.20000000e-03	2.15534822e-13
4.30000000e-03	2.40909869e-13
4.40000000e-03	2.69217642e-13
4.50000000e-03	3.00790570e-13
4.60000000e-03	3.35997997e-13
4.70000000e-03	3.75250193e-13
4.80000000e-03	4.19002796e-13
4.90000000e-03	4.67761714e-13
5.00000000e-03	5.22088558e-13
5.10000000e-03	5.82606631e-13
5.20000000e-03	6.50007566e-13
5.30000000e-03	7.25058646e-13
5.40000000e-03	8.08610898e-13
5.50000000e-03	9.01608027e-13
5.60000000e-03	1.00509629e-12
5.70000000e-03	1.12023538e-12
5.80000000e-03	1.24831046e-12
5.90000000e-03	1.39074542e-12
6.00000000e-03	1.54911752e-12
6.10000000e-03	1.72517354e-12
6.20000000e-03	1.92084756e-12
6.30000000e-03	2.13828060e-12
6.40000000e-03	2.37984224e-12
6.50000000e-03	2.64815447e-12
6.60000000e-03	2.94611794e-12
6.70000000e-03	3.27694086e-12
6.80000000e-03	3.64417089e-12
6.90000000e-03	4.05173019e-12
7.00000000e-03	4.50395399e-12
7.10000000e-03	5.00563309e-12
7.20000000e-03	5.56206057e-12
7.30000000e-03	6.17908322e-12
7.40000000e-03	6.86315801e-12
7.50000000e-03	7.62141426e-12
7.60000000e-03	8.46172195e-12
7.70000000e-03	9.39276676e-12
7.80000000e-03	1.04241326e-11
7.90000000e-03	1.15663920e-11
8.00000000e-03	1.28312060e-11
8.10000000e-03	1.42314329e-11
8.20000000e-03	1.57812485e-11
8.30000000e-03	1.74962775e-11
8.40000000e-03	1.93937379e-11
8.50000000e-03	2.14925994e-11
8.60000000e-03	2.38137571e-11
8.70000000e-03	2.63802216e-11
8.80000000e-03	2.92173283e-11
8.90000000e-03	3.23529656e-11
9.00000000e-03	3.58178258e-11
9.10000000e-03	3.96456794e-11
9.20000000e-03	4.38736761e-11
9.30000000e-03	4.85426737e-11
9.40000000e-03	5.36975987e-11
9.50000000e-03	5.93878405e-11
9.60000000e-03	6.56676827e-11
9.70000000e-03	7.25967757e-11
9.80000000e-03	8.02406523e-11
9.90000000e-03	8.86712925e-11
1.00000000e-02	9.79677404e-11
1.01000000e-02	1.08216778e-10
1.02000000e-02	1.19513664e-10
1.03000000e-02	1.31962935e-10
1.04000000e-02	1.45679287e-10
1.05000000e-02	1.60788535e-10
1.06000000e-02	1.77428660e-10
1.07000000e-02	1.95750952e-10
1.08000000e-02	2.15921260e-10
1.09000000e-02	2.38121346e-10
1.10000000e-02	2.62550379e-10
1.11000000e-02	2.89426544e-10
1.12000000e-02	3.18988810e-10
1.13000000e-02	3.51498855e-10
1.14000000e-02	3.87243153e-10
1.15000000e-02	4.26535262e-10
1.16000000e-02	4.69718307e-10
1.17000000e-02	5.17167684e-10
1.18000000e-02	5.69294005e-10
1.19000000e-02	6.26546304e-10
1.20000000e-02	6.89415523e-10
1.21000000e-02	7.58438307e-10
1.22000000e-02	8.34201124e-10
1.23000000e-02	9.17344756e-10
1.24000000e-02	1.00856917e-09
1.25000000e-02	1.10863882e-09
1.26000000e-02	1.21838838e-09
1.27000000e-02	1.33872906e-09
1.28000000e-02	1.47065530e-09
1.29000000e-02	1.61525224e-09
1.30000000e-02	1.77370364e-09
1.31000000e-02	1.94730062e-09
1.32000000e-02	2.13745105e-09
1.33000000e-02	2.34568978e-09
1.34000000e-02	2.57368973e-09
1.35000000e-02	2.82327388e-09
1.36000000e-02	3.09642830e-09
1.37000000e-02	3.39531630e-09
1.38000000e-02	3.72229364e-09
1.39000000e-02	4.07992515e-09
1.40000000e-02	4.47100264e-09
1.41000000e-02	4.89856431e-09
1.42000000e-02	5.36591576e-09
1.43000000e-02	5.87665271e-09
1.44000000e-02	6.43468562e-09
1.45000000e-02	7.04426626e-09
1.46000000e-02	7.71001649e-09
1.47000000e-02	8.43695933e-09
1.48000000e-02	9.23055258e-09
1.49000000e-02	1.00967251e-08
1.50000000e-02	1.10419161e-08
1.51000000e-02	1.20731174e-08
1.52000000e-02	1.31979191e-08
1.53000000e-02	1.44245593e-08
1.54000000e-02	1.57619769e-08
1.55000000e-02	1.72198694e-08
1.56000000e-02	1.88087547e-08
1.57000000e-02	2.05400381e-08
1.58000000e-02	2.24260844e-08
1.59000000e-02	2.44802955e-08
1.60000000e-02	2.67171939e-08
1.61000000e-02	2.91525136e-08
1.62000000e-02	3.18032963e-08
1.63000000e-02	3.46879969e-08
1.64000000e-02	3.78265954e-08
1.65000000e-02	4.12407185e-08
1.66000000e-02	4.49537699e-08
1.67000000e-02	4.89910706e-08
1.68000000e-02	5.33800098e-08
1.69000000e-02	5.81502068e-08
1.70000000e-02	6.33336860e-08
1.71000000e-02	6.89650636e-08
1.72000000e-02	7.50817493e-08
1.73000000e-02	8.17241626e-08
1.74000000e-02	8.89359647e-08
1.75000000e-02	9.67643080e-08
1.76000000e-02	1.05260104e-07
1.77000000e-02	1.14478308e-07
1.78000000e-02	1.24478233e-07
1.79000000e-02	1.35323872e-07
1.80000000e-02	1.47084260e-07
1.81000000e-02	1.59833846e-07
1.82000000e-02	1.73652907e-07
1.83000000e-02	1.88627979e-07
1.84000000e-02	2.04852327e-07
1.85000000e-02	2.22426441e-07
1.86000000e-02	2.41458578e-07
1.87000000e-02	2.62065327e-07
1.88000000e-02	2.84372227e-07
1.89000000e-02	3.08514422e-07
1.90000000e-02	3.34637362e-07
1.91000000e-02	3.62897552e-07
1.92000000e-02	3.93463355e-07
1.93000000e-02	4.26515849e-07
1.94000000e-02	4.62249738e-07
1.95000000e-02	5.00874335e-07
1.96000000e-02	5.42614603e-07
1.97000000e-02	5.87712268e-07
1.98000000e-02	6.36427011e-07
1.99000000e-02	6.89037734e-07
2.00000000e-02	7.45843916e-07
2.01000000e-02	8.07167055e-07
2.02000000e-02	8.73352204e-07
2.03000000e-02	9.44769617e-07
2.04000000e-02	1.02181649e-06
2.05000000e-02	1.10491883e-06
2.06000000e-02	1.19453343e-06
2.07000000e-02	1.29114997e-06
2.08000000e-02	1.39529331e-06
2.09000000e-02	1.50752582e-06
2.10000000e-02	1.62844996e-06
2.11000000e-02	1.75871097e-06
2.12000000e-02	1.89899976e-06
2.13000000e-02	2.05005597e-06
2.14000000e-02	2.21267119e-06
2.15000000e-02	2.38769245e-06
2.16000000e-02	2.57602586e-06
2.17000000e-02	2.77864050e-06
2.18000000e-02	2.99657260e-06
2.19000000e-02	3.23092986e-06
2.20000000e-02	3.48289615e-06
2.21000000e-02	3.75373641e-06
2.22000000e-02	4.04480194e-06
2.23000000e-02	4.35753589e-06
2.24000000e-02	4.69347915e-06
2.25000000e-02	5.05427662e-06
2.26000000e-02	5.44168375e-06
2.27000000e-02	5.85757359e-06
2.28000000e-02	6.30394411e-06
2.29000000e-02	6.78292612e-06
2.30000000e-02	7.29679146e-06
2.31000000e-02	7.84796181e-06
2.32000000e-02	8.43901795e-06
2.33000000e-02	9.07270953e-06
2.34000000e-02	9.75196544e-06
2.35000000e-02	1.04799047e-05
2.36000000e-02	1.12598481e-05
2.37000000e-02	1.20953302e-05
2.38000000e-02	1.29901124e-05
2.39000000e-02	1.39481965e-05
2.40000000e-02	1.49738387e-05
2.41000000e-02	1.60715653e-05
2.42000000e-02	1.72461881e-05
2.43000000e-02	1.85028214e-05
2.44000000e-02	1.98468996e-05
2.45000000e-02	2.12841960e-05
2.46000000e-02	2.28208422e-05
2.47000000e-02	2.44633489e-05
2.48000000e-02	2.62186278e-05
2.49000000e-02	2.80940140e-05
2.50000000e-02	3.00972904e-05
2.51000000e-02	3.22367130e-05
2.52000000e-02	3.45210373e-05
2.53000000e-02	3.69595464e-05
2.54000000e-02	3.95620804e-05
2.55000000e-02	4.23390668e-05
2.56000000e-02	4.53015534e-05
2.57000000e-02	4.84612420e-05
2.58000000e-02	5.18305239e-05
2.59000000e-02	5.54225177e-05
2.60000000e-02	5.92511078e-05
2.61000000e-02	6.33309861e-05
2.62000000e-02	6.76776947e-05
2.63000000e-02	7.23076711e-05
2.64000000e-02	7.72382953e-05
2.65000000e-02	8.24879392e-05
2.66000000e-02	8.80760185e-05
2.67000000e-02	9.40230465e-05
2.68000000e-02	1.00350691e-04
2.69000000e-02	1.07081833e-04
2.70000000e-02	1.14240628e-04
2.71000000e-02	1.21852573e-04
2.72000000e-02	1.29944572e-04
2.73000000e-02	1.38545004e-04
2.74000000e-02	1.47683802e-04
2.75000000e-02	1.57392525e-04
2.76000000e-02	1.67704441e-04
2.77000000e-02	1.78654608e-04
2.78000000e-02	1.90279961e-04
2.79000000e-02	2.02619404e-04
2.80000000e-02	2.15713905e-04
2.81000000e-02	2.29606589e-04
2.82000000e-02	2.44342846e-04
2.83000000e-02	2.59970435e-04
2.84000000e-02	2.76539593e-04
2.85000000e-02	2.94103151e-04
2.86000000e-02	3.12716654e-04
2.87000000e-02	3.32438482e-04
2.88000000e-02	3.53329985e-04
2.89000000e-02	3.75455606e-04
2.90000000e-02	3.98883032e-04
2.91000000e-02	4.23683326e-04
2.92000000e-02	4.49931084e-04
2.93000000e-02	4.77704587e-04
2.94000000e-02	5.07085959e-04
2.95000000e-02	5.38161333e-04
2.96000000e-02	5.71021025e-04
2.97000000e-02	6.05759708e-04
2.98000000e-02	6.42476599e-04
2.99000000e-02	6.81275642e-04
3.00000000e-02	7.22265712e-04
3.01000000e-02	7.65560809e-04
3.02000000e-02	8.11280273e-04
3.03000000e-02	8.59548995e-04
3.04000000e-02	9.10497643e-04
3.05000000e-02	9.64262888e-04
3.06000000e-02	1.02098764e-03
3.07000000e-02	1.08082129e-03
3.08000000e-02	1.14391996e-03
3.09000000e-02	1.21044678e-03
3.10000000e-02	1.28057210e-03
3.11000000e-02	1.35447384e-03
3.12000000e-02	1.43233768e-03
3.13000000e-02	1.51435743e-03
3.14000000e-02	1.60073526e-03
3.15000000e-02	1.69168206e-03
3.16000000e-02	1.78741769e-03
3.17000000e-02	1.88817135e-03
3.18000000e-02	1.99418186e-03
3.19000000e-02	2.10569803e-03
3.20000000e-02	2.22297898e-03
3.21000000e-02	2.34629449e-03
3.22000000e-02	2.47592537e-03
3.23000000e-02	2.61216378e-03
3.24000000e-02	2.75531366e-03
3.25000000e-02	2.90569106e-03
3.26000000e-02	3.06362456e-03
3.27000000e-02	3.22945563e-03
3.28000000e-02	3.40353903e-03
3.29000000e-02	3.58624326e-03
3.30000000e-02	3.77795091e-03
3.31000000e-02	3.97905911e-03
3.32000000e-02	4.18997996e-03
3.33000000e-02	4.41114095e-03
3.34000000e-02	4.64298537e-03
3.35000000e-02	4.88597281e-03
3.36000000e-02	5.14057955e-03
3.37000000e-02	5.40729901e-03
3.38000000e-02	5.68664227e-03
3.39000000e-02	5.97913843e-03
3.40000000e-02	6.28533516e-03
3.41000000e-02	6.60579908e-03
3.42000000e-02	6.94111631e-03
3.43000000e-02	7.29189287e-03
3.44000000e-02	7.65875518e-03
3.45000000e-02	8.04235050e-03
3.46000000e-02	8.44334745e-03
3.47000000e-02	8.86243643e-03
3.48000000e-02	9.30033008e-03
3.49000000e-02	9.75776380e-03
3.50000000e-02	1.02354962e-02
3.51000000e-02	1.07343093e-02
3.52000000e-02	1.12550096e-02
3.53000000e-02	1.17984279e-02
3.54000000e-02	1.23654198e-02
3.55000000e-02	1.29568667e-02
3.56000000e-02	1.35736756e-02
3.57000000e-02	1.42167797e-02
3.58000000e-02	1.48871389e-02
3.59000000e-02	1.55857402e-02
3.60000000e-02	1.63135978e-02
3.61000000e-02	1.70717539e-02
3.62000000e-02	1.78612786e-02
3.63000000e-02	1.86832705e-02
3.64000000e-02	1.95388572e-02
3.65000000e-02	2.04291948e-02
3.66000000e-02	2.13554693e-02
3.67000000e-02	2.23188959e-02
3.68000000e-02	2.33207195e-02
3.69000000e-02	2.43622153e-02
3.70000000e-02	2.54446883e-02
3.71000000e-02	2.65694741e-02
3.72000000e-02	2.77379385e-02
3.73000000e-02	2.89514778e-02
3.74000000e-02	3.02115188e-02
3.75000000e-02	3.15195189e-02
3.76000000e-02	3.28769660e-02
3.77000000e-02	3.42853783e-02
3.78000000e-02	3.57463045e-02
3.79000000e-02	3.72613235e-02
3.80000000e-02	3.88320439e-02
3.81000000e-02	4.04601044e-02
3.82000000e-02	4.21471729e-02
3.83000000e-02	4.38949467e-02
3.84000000e-02	4.57051516e-02
3.85000000e-02	4.75795417e-02
3.86000000e-02	4.95198992e-02
3.87000000e-02	5.15280331e-02
3.88000000e-02	5.36057795e-02
3.89000000e-02	5.57550002e-02
3.90000000e-02	5.79775822e-02
3.91000000e-02	6.02754371e-02
3.92000000e-02	6.26505001e-02
3.93000000e-02	6.51047289e-02
3.94000000e-02	6.76401030e-02
3.95000000e-02	7.02586223e-02
3.96000000e-02	7.29623063e-02
3.97000000e-02	7.57531926e-02
3.98000000e-02	7.86333359e-02
3.99000000e-02	8.16048064e-02
4.00000000e-02	8.46696883e-02
4.01000000e-02	8.78300786e-02
4.02000000e-02	9.10880850e-02
4.03000000e-02	9.44458249e-02
4.04000000e-02	9.79054228e-02
4.05000000e-02	1.01469009e-01
4.06000000e-02	1.05138718e-01
4.07000000e-02	1.08916686e-01
4.08000000e-02	1.12805048e-01
4.09000000e-02	1.16805937e-01
4.10000000e-02	1.20921481e-01
4.11000000e-02	1.25153800e-01
4.12000000e-02	1.29505007e-01
4.13000000e-02	1.33977199e-01
4.14000000e-02	1.38572462e-01
4.15000000e-02	1.43292861e-01
4.16000000e-02	1.48140443e-01
4.17000000e-02	1.53117230e-01
4.18000000e-02	1.58225219e-01
4.19000000e-02	1.63466378e-01
4.20000000e-02	1.68842641e-01
4.21000000e-02	1.74355907e-01
4.22000000e-02	1.80008037e-01
4.23000000e-02	1.85800849e-01
4.24000000e-02	1.91736114e-01
4.25000000e-02	1.97815556e-01
4.26000000e-02	2.04040844e-01
4.27000000e-02	2.10413592e-01
4.28000000e-02	2.16935352e-01
4.29000000e-02	2.23607612e-01
4.30000000e-02	2.30431794e-01
4.31000000e-02	2.37409245e-01
4.32000000e-02	2.44541239e-01
4.33000000e-02	2.51828968e-01
4.34000000e-02	2.59273541e-01
4.35000000e-02	2.66875977e-01
4.36000000e-02	2.74637204e-01
4.37000000e-02	2.82558054e-01
4.38000000e-02	2.90639257e-01
4.39000000e-02	2.98881438e-01
4.40000000e-02	3.07285113e-01
4.41000000e-02	3.15850685e-01
4.42000000e-02	3.24578437e-01
4.43000000e-02	3.33468533e-01
4.44000000e-02	3.42521006e-01
4.45000000e-02	3.51735761e-01
4.46000000e-02	3.61112569e-01
4.47000000e-02	3.70651059e-01
4.48000000e-02	3.80350718e-01
4.49000000e-02	3.90210883e-01
4.50000000e-02	4.00230742e-01
4.51000000e-02	4.10409326e-01
4.52000000e-02	4.20745505e-01
4.53000000e-02	4.31237985e-01
4.54000000e-02	4.41885305e-01
4.55000000e-02	4.52685832e-01
4.56000000e-02	4.63637758e-01
4.57000000e-02	4.74739093e-01
4.58000000e-02	4.85987669e-01
4.59000000e-02	4.97381128e-01
4.60000000e-02	5.08916924e-01
4.61000000e-02	5.20592320e-01
4.62000000e-02	5.32404381e-01
4.63000000e-02	5.44349976e-01
4.64000000e-02	5.56425771e-01
4.65000000e-02	5.68628229e-01
4.66000000e-02	5.80953607e-01
4.67000000e-02	5.93397955e-01
4.68000000e-02	6.05957110e-01
4.69000000e-02	6.18626699e-01
4.70000000e-02	6.31402136e-01
4.71000000e-02	6.44278618e-01
4.72000000e-02	6.57251128e-01
4.73000000e-02	6.70314429e-01
4.74000000e-02	6.83463069e-01
4.75000000e-02	6.96691377e-01
4.76000000e-02	7.09993463e-01
4.77000000e-02	7.23363218e-01
4.78000000e-02	7.36794316e-01
4.79000000e-02	7.50280214e-01
4.80000000e-02	7.63814152e-01
4.81000000e-02	7.77389153e-01
4.82000000e-02	7.90998029e-01
4.83000000e-02	8.04633378e-01
4.84000000e-02	8.18287587e-01
4.85000000e-02	8.31952838e-01
4.86000000e-02	8.45621106e-01
4.87000000e-02	8.59284164e-01
4.88000000e-02	8.72933587e-01
4.89000000e-02	8.86560756e-01
4.90000000e-02	9.00156857e-01
4.91000000e-02	9.13712893e-01
4.92000000e-02	9.27219685e-01
4.93000000e-02	9.40667873e-01
4.94000000e-02	9.54047929e-01
4.95000000e-02	9.67350158e-01
4.96000000e-02	9.80564702e-01
4.97000000e-02	9.93681551e-01
4.98000000e-02	1.00669055e+00
4.99000000e-02	1.01958140e+00
5.00000000e-02	1.03234367e+00
5.01000000e-02	1.04496680e+00
5.02000000e-02	1.05744011e+00
5.03000000e-02	1.06975284e+00
5.04000000e-02	1.08189408e+00
5.05000000e-02	1.09385286e+00
5.06000000e-02	1.10561813e+00
5.07000000e-02	1.11717875e+00
5.08000000e-02	1.12852353e+00
5.09000000e-02	1.13964120e+00
5.10000000e-02	1.15052049e+00
5.11000000e-02	1.16115005e+00
5.12000000e-02	1.17151856e+00
5.13000000e-02	1.18161463e+00
5.14000000e-02	1.19142692e+00
5.15000000e-02	1.20094408e+00
5.16000000e-02	1.21015478e+00
5.17000000e-02	1.21904772e+00
5.18000000e-02	1.22761168e+00
5.19000000e-02	1.23583547e+00
5.20000000e-02	1.24370796e+00
5.21000000e-02	1.25121815e+00
5.22000000e-02	1.25835509e+00
5.23000000e-02	1.26510798e+00
5.24000000e-02	1.27146610e+00
5.25000000e-02	1.27741890e+00
5.26000000e-02	1.28295596e+00
5.27000000e-02	1.28806703e+00
5.28000000e-02	1.29274204e+00
5.29000000e-02	1.29697109e+00
5.30000000e-02	1.30074448e+00
5.31000000e-02	1.30405276e+00
5.32000000e-02	1.30688665e+00
5.33000000e-02	1.30923715e+00
5.34000000e-02	1.31109551e+00
5.35000000e-02	1.31245322e+00
5.36000000e-02	1.31330206e+00
5.37000000e-02	1.31363412e+00
5.38000000e-02	1.31344175e+00
5.39000000e-02	1.31271765e+00
5.40000000e-02	1.31145482e+00
5.41000000e-02	1.30964663e+00
5.42000000e-02	1.30728675e+00
5.43000000e-02	1.30436926e+00
5.44000000e-02	1.30088857e+00
5.45000000e-02	1.29683949e+00
5.46000000e-02	1.29221722e+00
5.47000000e-02	1.28701737e+00
5.48000000e-02	1.28123593e+00
5.49000000e-02	1.27486934e+00
5.50000000e-02	1.26791446e+00
5.51000000e-02	1.26036856e+00
5.52000000e-02	1.25222940e+00
5.53000000e-02	1.24349516e+00
5.54000000e-02	1.23416448e+00
5.55000000e-02	1.22423647e+00
5.56000000e-02	1.21371072e+00
5.57000000e-02	1.20258728e+00
5.58000000e-02	1.19086670e+00
5.59000000e-02	1.17854999e+00
5.60000000e-02	1.16563866e+00
5.61000000e-02	1.15213474e+00
5.62000000e-02	1.13804071e+00
5.63000000e-02	1.12335958e+00
5.64000000e-02	1.10809484e+00
5.65000000e-02	1.09225051e+00
5.66000000e-02	1.07583107e+00
5.67000000e-02	1.05884152e+00
5.68000000e-02	1.04128738e+00
5.69000000e-02	1.02317464e+00
5.70000000e-02	1.00450979e+00
5.71000000e-02	9.85299828e-01
5.72000000e-02	9.65552235e-01
5.73000000e-02	9.45274977e-01
5.74000000e-02	9.24476507e-01
5.75000000e-02	9.03165752e-01
5.76000000e-02	8.81352112e-01
5.77000000e-02	8.59045453e-01
5.78000000e-02	8.36256098e-01
5.79000000e-02	8.12994824e-01
5.80000000e-02	7.89272849e-01
5.81000000e-02	7.65101826e-01
5.82000000e-02	7.40493834e-01
5.83000000e-02	7.15461365e-01
5.84000000e-02	6.90017320e-01
5.85000000e-02	6.64174990e-01
5.86000000e-02	6.37948053e-01
5.87000000e-02	6.11350556e-01
5.88000000e-02	5.84396904e-01
5.89000000e-02	5.57101848e-01
5.90000000e-02	5.29480473e-01
5.91000000e-02	5.01548180e-01
5.92000000e-02	4.73320675e-01
5.93000000e-02	4.44813955e-01
5.94000000e-02	4.16044290e-01
5.95000000e-02	3.87028209e-01
5.96000000e-02	3.57782485e-01
5.97000000e-02	3.28324117e-01
5.98000000e-02	2.98670315e-01
5.99000000e-02	2.68838485e-01
6.00000000e-02	2.38846206e-01
6.01000000e-02	2.08711219e-01
6.02000000e-02	1.78451408e-01
6.03000000e-02	1.48084778e-01
6.04000000e-02	1.17629444e-01
6.05000000e-02	8.71036076e-02
6.06000000e-02	5.65255418e-02
6.07000000e-02	2.59135712e-02
6.08000000e-02	-4.71394559e-03
6.09000000e-02	-3.53386342e-02
6.10000000e-02	-6.59421233e-02
6.11000000e-02	-9.65060626e-02
6.12000000e-02	-1.27012142e-01
6.13000000e-02	-1.57442107e-01
6.14000000e-02	-1.87777783e-01
6.15000000e-02	-2.18001085e-01
6.16000000e-02	-2.48094044e-01
6.17000000e-02	-2.78038819e-01
6.18000000e-02	-3.07817716e-01
6.19000000e-02	-3.37413207e-01
6.20000000e-02	-3.66807946e-01
6.21000000e-02	-3.95984786e-01
6.22000000e-02	-4.24926794e-01
6.23000000e-02	-4.53617272e-01
6.24000000e-02	-4.82039769e-01
6.25000000e-02	-5.10178097e-01
6.26000000e-02	-5.38016347e-01
6.27000000e-02	-5.65538905e-01
6.28000000e-02	-5.92730466e-01
6.29000000e-02	-6.19576047e-01
6.30000000e-02	-6.46061002e-01
6.31000000e-02	-6.72171034e-01
6.32000000e-02	-6.97892209e-01
6.33000000e-02	-7.23210966e-01
6.34000000e-02	-7.48114134e-01
6.35000000e-02	-7.72588937e-01
6.36000000e-02	-7.96623007e-01
6.37000000e-02	-8.20204397e-01
6.38000000e-02	-8.43321586e-01
6.39000000e-02	-8.65963491e-01
6.40000000e-02	-8.88119474e-01
6.41000000e-02	-9.09779353e-01
6.42000000e-02	-9.30933403e-01
6.43000000e-02	-9.51572370e-01
6.44000000e-02	-9.71687471e-01
6.45000000e-02	-9.91270404e-01
6.46000000e-02	-1.01031335e+00
6.47000000e-02	-1.02880898e+00
6.48000000e-02	-1.04675045e+00
6.49000000e-02	-1.06413142e+00
6.50000000e-02	-1.08094605e+00
6.51000000e-02	-1.09718898e+00
6.52000000e-02	-1.11285536e+00
6.53000000e-02	-1.12794087e+00
6.54000000e-02	-1.14244163e+00
6.55000000e-02	-1.15635432e+00
6.56000000e-02	-1.16967608e+00
6.57000000e-02	-1.18240457e+00
6.58000000e-02	-1.19453793e+00
6.59000000e-02	-1.20607480e+00
6.60000000e-02	-1.21701430e+00
6.61000000e-02	-1.22735604e+00
6.62000000e-02	-1.23710012e+00
6.63000000e-02	-1.24624710e+00
6.64000000e-02	-1.25479801e+00
6.65000000e-02	-1.26275434e+00
6.66000000e-02	-1.27011806e+00
6.67000000e-02	-1.27689155e+00
6.68000000e-02	-1.28307767e+00
6.69000000e-02	-1.28867970e+00
6.70000000e-02	-1.29370132e+00
6.71000000e-02	-1.29814667e+00
6.72000000e-02	-1.30202026e+00
6.73000000e-02	-1.30532702e+00
6.74000000e-02	-1.30807227e+00
6.75000000e-02	-1.31026168e+00
6.76000000e-02	-1.31190133e+00
6.77000000e-02	-1.31299760e+00
6.78000000e-02	-1.31355727e+00
6.79000000e-02	-1.31358743e+00
6.80000000e-02	-1.31309548e+00
6.81000000e-02	-1.31208914e+00
6.82000000e-02	-1.31057644e+00
6.83000000e-02	-1.30856568e+00
6.84000000e-02	-1.30606544e+00
6.85000000e-02	-1.30308456e+00
6.86000000e-02	-1.29963212e+00
6.87000000e-02	-1.29571745e+00
6.88000000e-02	-1.29135010e+00
6.89000000e-02	-1.28653980e+00
6.90000000e-02	-1.28129653e+00
6.91000000e-02	-1.27563040e+00
6.92000000e-02	-1.26955172e+00
6.93000000e-02	-1.26307096e+00
6.94000000e-02	-1.25619871e+00
6.95000000e-02	-1.24894572e+00
6.96000000e-02	-1.24132285e+00
6.97000000e-02	-1.23334104e+00
6.98000000e-02	-1.22501136e+00
6.99000000e-02	-1.21634495e+00
7.00000000e-02	-1.20735299e+00
7.01000000e-02	-1.19804676e+00
7.02000000e-02	-1.18843755e+00
7.03000000e-02	-1.17853670e+00
7.04000000e-02	-1.16835556e+00
7.05000000e-02	-1.15790549e+00
7.06000000e-02	-1.14719785e+00
7.07000000e-02	-1.13624398e+00
7.08000000e-02	-1.12505520e+00
7.09000000e-02	-1.11364280e+00
7.10000000e-02	-1.10201799e+00
7.11000000e-02	-1.09019198e+00
7.12000000e-02	-1.07817586e+00
7.13000000e-02	-1.06598067e+00
7.14000000e-02	-1.05361736e+00
7.15000000e-02	-1.04109678e+00
7.16000000e-02	-1.02842969e+00
7.17000000e-02	-1.01562673e+00
7.18000000e-02	-1.00269841e+00
7.19000000e-02	-9.89655119e-01
7.20000000e-02	-9.76507123e-01
7.21000000e-02	-9.63264530e-01
7.22000000e-02	-9.49937303e-01
7.23000000e-02	-9.36535250e-01
7.24000000e-02	-9.23068016e-01
7.25000000e-02	-9.09545078e-01
7.26000000e-02	-8.95975739e-01
7.27000000e-02	-8.82369126e-01
7.28000000e-02	-8.68734177e-01
7.29000000e-02	-8.55079648e-01
7.30000000e-02	-8.41414098e-01
7.31000000e-02	-8.27745891e-01
7.32000000e-02	-8.14083194e-01
7.33000000e-02	-8.00433966e-01
7.34000000e-02	-7.86805965e-01
7.35000000e-02	-7.73206737e-01
7.36000000e-02	-7.59643619e-01
7.37000000e-02	-7.46123735e-01
7.38000000e-02	-7.32653995e-01
7.39000000e-02	-7.19241091e-01
7.40000000e-02	-7.05891502e-01
7.41000000e-02	-6.92611485e-01
7.42000000e-02	-6.79407082e-01
7.43000000e-02	-6.66284116e-01
7.44000000e-02	-6.53248190e-01
7.45000000e-02	-6.40304690e-01
7.46000000e-02	-6.27458786e-01
7.47000000e-02	-6.14715428e-01
7.48000000e-02	-6.02079352e-01
7.49000000e-02	-5.89555080e-01
7.50000000e-02	-5.77146918e-01
7.51000000e-02	-5.64858964e-01
7.52000000e-02	-5.52695105e-01
7.53000000e-02	-5.40659019e-01
7.54000000e-02	-5.28754181e-01
7.55000000e-02	-5.16983862e-01
7.56000000e-02	-5.05351132e-01
7.57000000e-02	-4.93858865e-01
7.58000000e-02	-4.82509740e-01
7.59000000e-02	-4.71306243e-01
7.60000000e-02	-4.60250675e-01
7.61000000e-02	-4.49345147e-01
7.62000000e-02	-4.38591594e-01
7.63000000e-02	-4.27991768e-01
7.64000000e-02	-4.17547251e-01
7.65000000e-02	-4.07259451e-01
7.66000000e-02	-3.97129611e-01
7.67000000e-02	-3.87158810e-01
7.68000000e-02	-3.77347970e-01
7.69000000e-02	-3.67697857e-01
7.70000000e-02	-3.58209086e-01
7.71000000e-02	-3.48882126e-01
7.72000000e-02	-3.39717303e-01
7.73000000e-02	-3.30714807e-01
7.74000000e-02	-3.21874692e-01
7.75000000e-02	-3.13196883e-01
7.76000000e-02	-3.04681180e-01
7.77000000e-02	-2.96327261e-01
7.78000000e-02	-2.88134690e-01
7.79000000e-02	-2.80102917e-01
7.80000000e-02	-2.72231282e-01
7.81000000e-02	-2.64519025e-01
7.82000000e-02	-2.56965284e-01
7.83000000e-02	-2.49569101e-01
7.84000000e-02	-2.42329431e-01
7.85000000e-02	-2.35245137e-01
7.86000000e-02	-2.28315002e-01
7.87000000e-02	-2.21537729e-01
7.88000000e-02	-2.14911949e-01
7.89000000e-02	-2.08436217e-01
7.90000000e-02	-2.02109027e-01
7.91000000e-02	-1.95928806e-01
7.92000000e-02	-1.89893923e-01
7.93000000e-02	-1.84002691e-01
7.94000000e-02	-1.78253373e-01
7.95000000e-02	-1.72644182e-01
7.96000000e-02	-1.67173286e-01
7.97000000e-02	-1.61838813e-01
7.98000000e-02	-1.56638853e-01
7.99000000e-02	-1.51571459e-01
8.00000000e-02	-1.46634656e-01
8.01000000e-02	-1.41826439e-01
8.02000000e-02	-1.37144776e-01
8.03000000e-02	-1.32587617e-01
8.04000000e-02	-1.28152887e-01
8.05000000e-02	-1.23838499e-01
8.06000000e-02	-1.19642349e-01
8.07000000e-02	-1.15562323e-01
8.08000000e-02	-1.11596298e-01
8.09000000e-02	-1.07742143e-01
8.10000000e-02	-1.03997726e-01
8.11000000e-02	-1.00360909e-01
8.12000000e-02	-9.68295582e-02
8.13000000e-02	-9.34015395e-02
8.14000000e-02	-9.00747243e-02
8.15000000e-02	-8.68469899e-02
8.16000000e-02	-8.37162218e-02
8.17000000e-02	-8.06803153e-02
8.18000000e-02	-7.77371773e-02
8.19000000e-02	-7.48847277e-02
8.20000000e-02	-7.21209008e-02
8.21000000e-02	-6.94436473e-02
8.22000000e-02	-6.68509349e-02
8.23000000e-02	-6.43407500e-02
8.24000000e-02	-6.19110988e-02
8.25000000e-02	-5.95600085e-02
8.26000000e-02	-5.72855281e-02
8.27000000e-02	-5.50857296e-02
8.28000000e-02	-5.29587091e-02
8.29000000e-02	-5.09025870e-02
8.30000000e-02	-4.89155094e-02
8.31000000e-02	-4.69956486e-02
8.32000000e-02	-4.51412036e-02
8.33000000e-02	-4.33504010e-02
8.34000000e-02	-4.16214952e-02
8.35000000e-02	-3.99527692e-02
8.36000000e-02	-3.83425346e-02
8.37000000e-02	-3.67891326e-02
8.38000000e-02	-3.52909338e-02
8.39000000e-02	-3.38463385e-02
8.40000000e-02	-3.24537771e-02
8.41000000e-02	-3.11117105e-02
8.42000000e-02	-2.98186296e-02
8.43000000e-02	-2.85730559e-02
8.44000000e-02	-2.73735415e-02
8.45000000e-02	-2.62186690e-02
8.46000000e-02	-2.51070514e-02
8.47000000e-02	-2.40373323e-02
8.48000000e-02	-2.30081855e-02
8.49000000e-02	-2.20183151e-02
8.50000000e-02	-2.10664555e-02
8.51000000e-02	-2.01513707e-02
8.52000000e-02	-1.92718545e-02
8.53000000e-02	-1.84267304e-02
8.54000000e-02	-1.76148508e-02
8.55000000e-02	-1.68350973e-02
8.56000000e-02	-1.60863800e-02
8.57000000e-02	-1.53676373e-02
8.58000000e-02	-1.46778359e-02
8.59000000e-02	-1.40159699e-02
8.60000000e-02	-1.33810606e-02
8.61000000e-02	-1.27721565e-02
8.62000000e-02	-1.21883324e-02
8.63000000e-02	-1.16286893e-02
8.64000000e-02	-1.10923538e-02
8.65000000e-02	-1.05784778e-02
8.66000000e-02	-1.00862382e-02
8.67000000e-02	-9.61483614e-03
8.68000000e-02	-9.16349669e-03
8.69000000e-02	-8.73146851e-03
8.70000000e-02	-8.31802325e-03
8.71000000e-02	-7.92245516e-03
8.72000000e-02	-7.54408058e-03
8.73000000e-02	-7.18223755e-03
8.74000000e-02	-6.83628524e-03
8.75000000e-02	-6.50560358e-03
8.76000000e-02	-6.18959271e-03
8.77000000e-02	-5.88767258e-03
8.78000000e-02	-5.59928243e-03
8.79000000e-02	-5.32388037e-03
8.80000000e-02	-5.06094290e-03
8.81000000e-02	-4.80996442e-03
8.82000000e-02	-4.57045682e-03
8.83000000e-02	-4.34194902e-03
8.84000000e-02	-4.12398649e-03
8.85000000e-02	-3.91613085e-03
8.86000000e-02	-3.71795939e-03
8.87000000e-02	-3.52906468e-03
8.88000000e-02	-3.34905409e-03
8.89000000e-02	-3.17754941e-03
8.90000000e-02	-3.01418643e-03
8.91000000e-02	-2.85861452e-03
8.92000000e-02	-2.71049620e-03
8.93000000e-02	-2.56950682e-03
8.94000000e-02	-2.43533407e-03
8.95000000e-02	-2.30767770e-03
8.96000000e-02	-2.18624906e-03
8.97000000e-02	-2.07077078e-03
8.98000000e-02	-1.96097640e-03
8.99000000e-02	-1.85661002e-03
9.00000000e-02	-1.75742593e-03
9.01000000e-02	-1.66318831e-03
9.02000000e-02	-1.57367086e-03
9.03000000e-02	-1.48865653e-03
9.04000000e-02	-1.40793714e-03
9.05000000e-02	-1.33131312e-03
9.06000000e-02	-1.25859320e-03
9.07000000e-02	-1.18959412e-03
9.08000000e-02	-1.12414031e-03
9.09000000e-02	-1.06206368e-03
9.10000000e-02	-1.00320328e-03
9.11000000e-02	-9.47405097e-04
9.12000000e-02	-8.94521748e-04
9.13000000e-02	-8.44412273e-04
9.14000000e-02	-7.96941876e-04
9.15000000e-02	-7.51981690e-04
9.16000000e-02	-7.09408556e-04
9.17000000e-02	-6.69104800e-04
9.18000000e-02	-6.30958022e-04
9.19000000e-02	-5.94860886e-04
9.20000000e-02	-5.60710922e-04
9.21000000e-02	-5.28410334e-04
9.22000000e-02	-4.97865808e-04
9.23000000e-02	-4.68988335e-04
9.24000000e-02	-4.41693033e-04
9.25000000e-02	-4.15898978e-04
9.26000000e-02	-3.91529041e-04
9.27000000e-02	-3.68509729e-04
9.28000000e-02	-3.46771035e-04
9.29000000e-02	-3.26246284e-04
9.30000000e-02	-3.06872000e-04
9.31000000e-02	-2.88587762e-04
9.32000000e-02	-2.71336075e-04
9.33000000e-02	-2.55062243e-04
9.34000000e-02	-2.39714246e-04
9.35000000e-02	-2.25242622e-04
9.36000000e-02	-2.11600352e-04
9.37000000e-02	-1.98742755e-04
9.38000000e-02	-1.86627379e-04
9.39000000e-02	-1.75213904e-04
9.40000000e-02	-1.64464041e-04
9.41000000e-02	-1.54341441e-04
9.42000000e-02	-1.44811607e-04
9.43000000e-02	-1.35841807e-04
9.44000000e-02	-1.27400989e-04
9.45000000e-02	-1.19459707e-04
9.46000000e-02	-1.11990043e-04
9.47000000e-02	-1.04965535e-04
9.48000000e-02	-9.83611050e-05
9.49000000e-02	-9.21529967e-05
9.50000000e-02	-8.63187089e-05
9.51000000e-02	-8.08369353e-05
9.52000000e-02	-7.56875065e-05
9.53000000e-02	-7.08513337e-05
9.54000000e-02	-6.63103556e-05
9.55000000e-02	-6.20474877e-05
9.56000000e-02	-5.80465728e-05
9.57000000e-02	-5.42923353e-05
9.58000000e-02	-5.07703364e-05
9.59000000e-02	-4.74669315e-05
9.60000000e-02	-4.43692303e-05
9.61000000e-02	-4.14650573e-05
9.62000000e-02	-3.87429159e-05
9.63000000e-02	-3.61919528e-05
9.64000000e-02	-3.38019245e-05
9.65000000e-02	-3.15631657e-05
9.66000000e-02	-2.94665588e-05
9.67000000e-02	-2.75035048e-05
9.68000000e-02	-2.56658962e-05
9.69000000e-02	-2.39460906e-05
9.70000000e-02	-2.23368856e-05
9.71000000e-02	-2.08314954e-05
9.72000000e-02	-1.94235284e-05
9.73000000e-02	-1.81069652e-05
9.74000000e-02	-1.68761390e-05
9.75000000e-02	-1.57257157e-05
9.76000000e-02	-1.46506762e-05
9.77000000e-02	-1.36462981e-05
9.78000000e-02	-1.27081400e-05
9.79000000e-02	-1.18320256e-05
9.80000000e-02	-1.10140286e-05
9.81000000e-02	-1.02504588e-05
9.82000000e-02	-9.53784870e-06
9.83000000e-02	-8.87294100e-06
9.84000000e-02	-8.25267635e-06
9.85000000e-02	-7.67418218e-06
9.86000000e-02	-7.13476190e-06
9.87000000e-02	-6.63188472e-06
9.88000000e-02	-6.16317603e-06
9.89000000e-02	-5.72640831e-06
9.90000000e-02	-5.31949253e-06
9.91000000e-02	-4.94046995e-06
9.92000000e-02	-4.58750450e-06
9.93000000e-02	-4.25887548e-06
9.94000000e-02	-3.95297071e-06
9.95000000e-02	-3.66828000e-06
9.96000000e-02	-3.40338910e-06
9.97000000e-02	-3.15697387e-06
9.98000000e-02	-2.92779486e-06
9.99000000e-02	-2.71469217e-06
